                                        COMPETITION:
Iteration 0: 3.16775e+07	(0% improved)	Change: 1.42663e+07
Iteration 100000: 3.26625e+07	(3.10972% improved)	Change: 335.349
         Countries: Saudi Arabia, Iran, Iraq, Kuwait, UAE, Venezula, Nigeria, 
            Prices: 81.2726 91.4538 85.1936  93.471 89.9473 95.6935 95.5846 100.413 101.799 106.937      70
          Inflated: 132.385 141.875  125.87 131.523 120.538 122.132 116.184 116.241 112.233 112.284      70
            Values: 1.17038e+07 4.57596e+06 3.41347e+06 3.16644e+06 3.17113e+06 3.84277e+06 2.78898e+06
      Prod (round): 29574.2 33467.7 28595.7 32917.5 27409.4 32311.2 26002.5 31023.8 24451.8 29244.3 8301.89
    Prod (country): 108000 41400 33300 29700 27000 39600 24300
Quantities: 
   8699 11763.7 8709.04 11215.2 8840.44 10609.6 9083.23 10560.8 9350.42 10867.2 8301.43
 4511.2    4600 4145.03    4600  3830.8    4600 3584.62 4263.29 3313.22 3951.84       0
3585.93    3700  3278.4    3700 3028.83    3700 2853.92 3506.54 2661.11 3285.27       0
   3300    3300 3138.48    3300 2797.82    3300  2522.5 3085.27 2218.98 2736.95       0
   3000    3000    3000    3000 2834.66    3000 2358.47 2787.92  1833.5 2185.45       0
3801.62    4400 3618.51    4400 3506.11    4400 3482.45 4282.42 3456.38 4252.51       0
   2700    2700    2700    2700 2567.79    2700  2115.4 2536.24 1616.67  1963.9       0

Marginal revenue (inflated):
      Saudi Arabia: 60.9455 61.0081  61.013 61.0043 61.0055 61.0028 61.0033 61.0021 61.0023 61.0016      61
              Iran: 86.6507   100.2 86.5556 93.7223 86.5663 87.8455 86.5694 86.5712 86.5708 86.5718      60
              Iraq: 82.9166 96.0103 82.8215 89.9225 82.8322 84.3989 82.8353 82.8371 82.8367 82.8378      54
            Kuwait: 89.6696 102.939 88.0823 96.2072 88.0929 90.0994  88.096 88.0978 88.0974 88.0985      57
               UAE: 104.659 117.056 100.722 109.012 98.6159 101.713  98.619 98.6208 98.6204 98.6215      65
          Venezula: 74.9932 85.8238 74.8982  80.683 74.9089 76.0185 74.9119 74.9137 74.9133 74.9144      50
           Nigeria: 103.359  115.66 99.5429 107.745 97.3688 100.564 97.3718 97.3736 97.3733 97.3743      63


                                        MONOPOLY:
Iteration 0: 3.16775e+07	(0% improved)	Change: 3.16775e+07
Iteration 5000: 3.59545e+07	(13.5019% improved)	Change: 0.00109102
         Countries: Opec, 
            Prices: 102.274  109.08 101.493  108.26 100.633 107.357 99.6841  106.36 98.6381 105.262      70
          Inflated: 166.593 169.218 149.952 152.333 134.858 137.017 121.167 123.125 108.748 110.525      70
            Values: 3.59545e+07
      Prod (round): 24333.1 28659.9 24527.9 28883.5 24742.7 29129.9 24979.5 29401.7 25240.5 29701.3   33700
    Prod (country): 303300
Quantities: 
24333.1 28659.9 24527.9 28883.5 24742.7 29129.9 24979.5 29401.7 25240.5 29701.3   33700

Marginal revenue (inflated):
              Opec: -24.8083 -24.8083 -24.8083 -24.8083 -24.8083 -24.8083 -24.8083 -24.8083 -24.8083 -24.8083       50

   Full quantities: 
8664.62 10205.3 8733.98 10284.9 8810.45 10372.7 8894.76 10469.4 8987.71 10576.1   12000
3321.44 3912.04 3348.03 3942.55 3377.34 3976.19 3409.66 4013.29 3445.29 4054.18    4600
2671.59 3146.64 2692.98 3171.18 2716.56 3198.24 2742.55 3228.08 2771.21 3260.97    3700
2382.77 2806.46 2401.84 2828.35 2422.87 2852.49 2446.06  2879.1 2471.62 2908.43    3300
2166.15 2551.33 2183.49 2571.23 2202.61 2593.17 2223.69 2617.36 2246.93 2644.03    3000
3177.03 3741.95 3202.46 3771.14  3230.5 3803.32 3261.41 3838.79  3295.5 3877.91    4400
1949.54  2296.2 1965.15 2314.11 1982.35 2333.85 2001.32 2355.62 2022.24 2379.63    2700
            Values: 1.28725e+07 4.88604e+06  3.6964e+06   3.401e+06 3.34444e+06 4.21046e+06 2.95316e+06
