                                        COMPETITION:
Iteration 0: 3.13423e+07	(0% improved)	Change: 1.41172e+07
Iteration 16000: 3.34614e+07	(6.76119% improved)	Change: 0.00951726
         Countries: Saudi Arabia, Iran, Iraq, Kuwait, UAE, Venezula, Nigeria, 
            Prices: 86.6517 96.7966 87.3902 97.0705 88.6959 97.5017 91.0678 98.4779 104.352 100.639      70
          Inflated: 141.146 150.163 129.115 136.588 118.861  124.44 110.693     114 115.048 105.671      70
            Values: 1.21388e+07 4.64633e+06 3.47497e+06 3.22096e+06 3.22906e+06 3.90802e+06 2.84326e+06
      Prod (round): 29522.1   33700 29319.3 33615.5 28873.6   33469 27485.7 33044.9 24203.8 30066.1       0
    Prod (country): 108000 41400 33300 29700 27000 39600 24300
Quantities: 
8141.73   12000  8840.9 11915.5 10524.7   11769   12000   12000 8808.26   12000       0
   4600    4600  4228.7    4600 3673.57    4600 3395.21 4251.23 2851.29    4600       0
   3700    3700 3547.75    3700 2901.53    3700 2237.96 3566.68 2546.09    3700       0
   3300    3300    3300    3300 2778.19    3300 1743.61    3127 2251.19    3300       0
   3000    3000    3000    3000    3000    3000 2431.29    3000 2301.34 1267.37       0
4080.36    4400 3701.97    4400 3295.66    4400 3380.93    4400 3141.09    4400       0
   2700    2700    2700    2700    2700    2700 2296.72    2700 2304.54 798.747       0

Marginal revenue (inflated):
      Saudi Arabia: 71.4686 73.7366 71.4686 71.4686 71.4686 71.4686 80.6307 77.3407 71.4686 99.2616      61
              Iran: 93.7729 110.705 93.1278 102.266 93.1278 95.4622 93.1278 93.1278 93.1278 96.3366      60
              Iraq: 90.0813 106.082  87.679 97.7859  87.679 90.9769 87.6789  87.679  87.679 89.8086      54
            Kuwait:  97.671 112.818 93.3541 103.768 92.1133 96.2157 92.1132 92.1133 92.1133 92.8572      57
               UAE: 112.729  126.79 106.679 116.346 102.089 107.483 100.741 101.652 100.742 100.742      65
          Venezula: 80.9955  96.233 80.9955 89.0759 80.9955 83.4044 80.9955 81.2262 80.9955  85.786      50
           Nigeria: 111.499 125.249 105.229 114.852 100.416 105.988 98.5249 99.9928 98.5245 98.5235      63


                                        MONOPOLY:
Iteration 0: 3.13423e+07	(0% improved)	Change: 3.13423e+07
Iteration 100000: 3.51243e+07	(12.0668% improved)	Change: 75.1391
         Countries: Opec, 
            Prices: 90.4885 98.9637 90.8072 99.1005 105.735 99.2269 105.882 99.3814 106.092 99.5981      70
          Inflated: 147.396 153.525 134.164 139.444 141.695 126.641 128.701 115.046 116.966 104.578      70
            Values: 3.51243e+07
      Prod (round): 27915.1 32751.9 27683.3 32653.5 23684.7 32554.7 23609.3 32422.6 23493.4   32216 14315.6
    Prod (country): 303300
Quantities: 
27915.7 32730.8 27683.7 32655.6 23697.7 32555.8 23610.7 32423.3 23494.2 32216.5 14315.9

Marginal revenue (inflated):
              Opec: 50.0136 48.8898 50.0043 50.0895  50.647 50.0347 50.0565 50.0164 50.0195 50.0062      50

   Full quantities: 
9940.08 11662.4 9857.55 11627.4 8433.72 11592.2 8406.86 11545.2  8365.6 11471.6 5097.53
3810.37 4470.59 3778.73 4457.16 3232.93 4443.67 3222.63 4425.64 3206.81 4397.43 1954.05
3064.86 3595.91 3039.41  3585.1  2600.4 3574.26 2592.12 3559.76 2579.39 3537.06 1571.74
2733.52 3207.16 2710.83 3197.52 2319.27 3187.85 2311.89 3174.92 2300.54 3154.68 1401.82
2485.02  2915.6 2464.39 2906.84 2108.43 2898.05 2101.72 2886.29  2091.4 2867.89 1274.38
 3644.7 4276.21 3614.43 4263.37 3092.36 4250.47 3082.52 4233.22 3067.39 4206.24  1869.1
2236.52 2624.04 2217.95 2616.16 1897.59 2608.24 1891.54 2597.66 1882.26  2581.1 1146.94
            Values: 1.25823e+07 4.77104e+06 3.58568e+06 3.31037e+06 3.28174e+06 4.06436e+06  2.8923e+06
